set Kompanies := K0 K1 K2 K3 K4 K5 K6 K7 K8 K9 K10 K11 K12 K13 K14 K15 K16 K17 K18 K19 K20 K21 K22 K23 K24 K25 K26 K27 K28 K29 K30 K31 K32 K33 K34 K35 K36 K37 K38 K39 K40 K41 K42 K43 K44 K45 K46 K47 K48 K49 K50 K51 K52 K53 K54 K55 K56 K57 K58 K59 K60 K61 K62 K63 K64 K65 K66 K67 K68 K69 K70 K71 K72 K73 K74 K75 K76 K77 K78 K79 K80 K81 K82 K83 K84 K85 K86 K87 K88 K89 K90 K91 K92 K93 K94 K95 K96 K97 K98 K99;
set Periods := P0 P1 P2 P3 P4 P5 P6 P7 P8 P9 P10 P11 P12 P13 P14 P15 P16 P17 P18 P19 P20 P21 P22 P23 P24 P25 P26 P27 P28 P29 P30 P31 P32 P33 P34 P35 P36 P37 P38 P39 P40 P41 P42 P43 P44 P45 P46 P47 P48 P49 P50 P51 P52 P53 P54 P55 P56 P57 P58 P59 P60 P61 P62 P63 P64 P65 P66 P67 P68 P69 P70 P71 P72 P73 P74 P75 P76 P77 P78 P79 P80 P81 P82 P83 P84 P85 P86 P87 P88 P89 P90 P91 P92 P93 P94 P95 P96 P97 P98 P99;

param Bundle_price :=
K0 156902
K1 893931
K2 136683
K3 91074
K4 693403
K5 360652
K6 638540
K7 164918
K8 406115
K9 934137
K10 777199
K11 676766
K12 998535
K13 667937
K14 102216
K15 584342
K16 293371
K17 458449
K18 206254
K19 747346
K20 34563
K21 468498
K22 88082
K23 572273
K24 98541
K25 346959
K26 143341
K27 713016
K28 347486
K29 770152
K30 130586
K31 71332
K32 58234
K33 374955
K34 157970
K35 801779
K36 5006
K37 688406
K38 413243
K39 221411
K40 426607
K41 599197
K42 3103
K43 637299
K44 492844
K45 133128
K46 321561
K47 47995
K48 832853
K49 195310
K50 530064
K51 194789
K52 30567
K53 942515
K54 430278
K55 947730
K56 583037
K57 363691
K58 958522
K59 237984
K60 342935
K61 724739
K62 681633
K63 587447
K64 299190
K65 343706
K66 320409
K67 111758
K68 66960
K69 92204
K70 816867
K71 846768
K72 331706
K73 992021
K74 418951
K75 107075
K76 3476
K77 986758
K78 838986
K79 294639
K80 605466
K81 981042
K82 318055
K83 417551
K84 506176
K85 430028
K86 523532
K87 318350
K88 800237
K89 722303
K90 759856
K91 32366
K92 563536
K93 741252
K94 463893
K95 219295
K96 912750
K97 789516
K98 244373
K99 186565
;

param Bundle_minutes: K0 K1 K2 K3 K4 K5 K6 K7 K8 K9 K10 K11 K12 K13 K14 K15 K16 K17 K18 K19 K20 K21 K22 K23 K24 K25 K26 K27 K28 K29 K30 K31 K32 K33 K34 K35 K36 K37 K38 K39 K40 K41 K42 K43 K44 K45 K46 K47 K48 K49 K50 K51 K52 K53 K54 K55 K56 K57 K58 K59 K60 K61 K62 K63 K64 K65 K66 K67 K68 K69 K70 K71 K72 K73 K74 K75 K76 K77 K78 K79 K80 K81 K82 K83 K84 K85 K86 K87 K88 K89 K90 K91 K92 K93 K94 K95 K96 K97 K98 K99 :=
P0 67 50 96 53 65 87 14 10 56 79 1 54 18 50 20 70 66 14 53 70 97 84 76 64 22 49 25 30 48 62 74 50 43 6 79 63 43 54 55 29 99 51 45 35 71 4 85 82 27 44 30 23 38 44 12 34 17 6 40 25 32 82 11 12 35 60 84 21 36 42 89 90 72 36 13 67 45 61 44 6 76 4 66 51 52 0 5 36 59 82 55 87 48 42 83 83 6 4 33 59
P1 59 63 62 70 71 67 26 12 73 83 21 24 85 64 95 26 18 70 17 44 52 38 56 53 24 94 14 29 33 88 83 51 99 17 16 96 15 32 13 9 89 60 56 43 81 26 39 54 50 60 63 22 10 7 63 50 0 64 4 15 56 62 37 15 60 65 84 0 55 42 25 81 39 96 20 90 59 52 58 60 7 90 28 89 17 24 39 49 14 28 93 15 91 47 51 70 48 88 30 13
P2 34 63 29 11 16 86 26 38 93 16 70 88 28 67 5 64 43 1 62 54 46 46 93 80 51 81 20 20 88 28 73 67 48 71 63 35 4 23 85 24 45 88 94 71 94 69 68 37 69 20 2 64 6 79 60 98 5 71 52 87 5 53 19 52 32 81 55 5 6 86 58 12 70 57 65 56 55 12 85 44 3 54 11 60 10 33 12 32 49 67 51 29 35 16 10 37 83 65 64 9
P3 60 52 67 21 6 48 99 55 51 13 90 99 45 65 72 14 66 35 79 27 0 30 76 28 87 73 23 37 5 15 20 90 15 30 25 48 31 35 15 0 33 40 44 49 43 82 30 5 82 62 82 9 37 54 25 12 9 64 92 5 62 89 13 24 92 16 64 25 49 46 23 47 0 85 65 51 18 94 3 25 34 68 91 67 32 55 55 47 3 37 25 84 74 70 27 91 19 23 58 97
P4 87 57 56 42 57 46 71 99 11 70 9 98 22 63 51 90 0 77 18 81 81 41 81 76 96 83 96 7 2 97 55 99 64 37 76 2 24 89 65 30 17 46 10 79 8 41 98 21 47 98 30 77 3 3 42 11 87 62 73 16 51 27 49 59 41 54 7 64 70 45 48 99 93 63 54 37 93 41 23 17 65 42 80 32 96 25 7 78 86 49 55 15 70 33 29 86 18 59 59 35
P5 79 5 35 53 57 3 11 33 7 66 6 28 59 97 59 43 92 50 95 79 96 68 66 53 5 40 33 35 1 91 43 88 30 26 2 20 3 58 31 92 7 69 92 57 7 92 73 94 21 37 16 18 11 3 6 94 48 13 13 61 91 60 58 87 58 55 58 6 38 29 76 93 23 13 70 32 73 70 47 81 4 18 19 49 88 5 56 67 10 63 79 41 85 4 81 77 58 53 15 53
P6 32 16 53 74 16 67 43 8 5 55 35 18 92 44 43 26 30 16 62 62 19 42 45 97 80 81 48 95 46 89 99 23 43 34 58 1 17 60 21 19 14 51 53 86 10 15 66 50 84 79 55 83 37 94 94 98 95 58 59 72 3 12 27 39 23 9 12 15 11 31 27 58 60 73 18 83 52 13 16 20 12 97 52 43 81 40 42 9 77 60 31 19 17 59 61 67 83 96 69 52
P7 79 76 45 85 18 85 45 63 8 87 66 81 42 99 99 40 75 31 50 19 25 86 19 53 13 28 66 34 70 10 25 40 34 8 81 72 91 10 10 11 44 4 70 14 26 11 8 42 32 97 90 25 48 51 95 1 67 69 65 73 30 38 86 93 53 90 7 68 87 19 62 36 70 50 69 99 40 67 85 59 95 67 27 69 85 67 5 90 82 16 85 93 33 5 3 83 7 78 71 50
P8 19 23 92 29 3 24 82 84 93 89 49 20 36 59 11 41 80 82 0 54 68 81 35 53 6 24 60 39 57 59 2 53 23 68 71 10 0 32 25 17 88 58 13 64 19 62 70 42 86 82 14 10 13 5 39 18 53 53 21 15 5 58 51 56 72 53 16 96 13 23 30 86 5 0 71 13 41 98 23 50 2 72 44 21 18 6 88 9 93 19 20 71 23 57 58 96 1 28 49 62
P9 92 66 78 6 83 46 32 22 62 89 4 8 92 37 5 57 22 14 0 58 67 16 76 14 50 20 77 57 6 39 37 64 72 99 73 99 50 60 50 47 84 79 17 51 81 29 70 67 9 92 42 64 88 72 54 70 7 56 24 25 34 18 80 34 4 23 43 27 7 74 5 49 16 54 16 33 8 3 14 95 10 71 94 63 6 61 22 80 50 8 60 49 16 59 72 42 22 70 99 93
P10 46 12 7 82 77 96 81 39 35 42 2 90 77 63 95 96 48 17 54 88 79 40 86 32 30 50 89 90 98 54 2 92 53 50 46 37 2 16 51 41 70 20 80 64 82 76 88 58 76 72 44 64 19 56 13 73 12 92 70 53 17 46 85 97 7 70 8 33 11 49 81 45 94 80 89 15 19 70 88 9 37 26 94 35 78 27 30 9 26 46 28 38 97 94 41 79 21 25 7 37
P11 36 42 90 15 23 34 90 20 13 13 84 94 51 45 28 64 6 31 50 66 49 33 64 56 69 9 39 51 72 28 8 90 72 80 65 91 35 9 14 13 86 46 4 98 86 64 74 99 88 79 22 90 84 56 56 74 0 28 9 35 1 14 70 76 50 99 73 0 15 99 2 51 9 58 87 62 48 11 13 97 86 20 76 92 51 14 10 5 39 72 51 39 72 15 58 17 32 34 39 51
P12 47 98 44 73 45 26 25 31 82 37 7 18 3 81 59 99 35 22 92 90 93 47 22 59 76 91 53 63 18 42 82 0 96 86 13 47 81 65 88 83 94 38 18 21 32 54 34 51 91 22 82 54 19 53 72 94 25 91 70 13 51 4 50 3 69 24 52 50 19 13 3 64 21 13 47 56 23 83 33 50 77 61 64 60 58 25 34 91 10 95 15 34 32 77 7 47 70 88 73 36
P13 90 48 2 92 91 35 44 9 76 16 42 87 9 20 53 16 80 31 89 25 50 20 4 26 43 51 76 99 51 64 78 54 60 91 72 30 7 8 72 31 64 78 57 47 50 24 11 95 50 8 31 58 65 23 27 72 84 71 82 29 68 50 90 16 14 37 65 91 99 34 26 73 17 97 87 96 93 34 94 32 63 76 5 29 50 98 31 95 22 17 65 7 62 37 80 13 69 2 4 9
P14 58 82 15 85 53 52 21 72 50 73 57 23 17 1 72 16 0 39 3 71 68 0 42 55 33 18 81 54 26 13 66 84 44 18 74 73 69 86 68 59 11 39 93 98 65 83 75 66 49 25 24 94 54 17 74 74 25 45 53 32 20 19 88 55 36 47 4 7 69 51 25 37 52 27 54 50 95 71 97 44 45 1 13 20 50 78 22 78 36 51 22 51 24 19 15 50 51 1 73 75
P15 69 47 27 32 76 25 98 73 65 49 20 27 79 72 97 86 36 26 23 70 63 63 21 13 86 4 94 23 34 56 35 39 83 49 14 64 51 43 17 25 66 76 44 87 17 39 35 82 39 88 38 64 98 57 20 52 55 85 60 14 56 74 9 72 25 75 83 42 69 60 80 33 53 22 84 4 46 68 38 70 78 31 17 48 9 71 27 29 82 21 20 96 44 49 35 96 39 75 61 20
P16 7 63 65 18 58 4 89 93 15 1 90 75 37 36 88 21 22 48 61 76 67 80 19 14 8 26 78 9 98 73 69 1 23 80 78 80 24 71 83 18 3 83 41 65 68 75 12 32 54 60 62 40 25 22 95 86 31 2 46 30 67 42 44 79 76 51 24 13 65 89 65 1 97 0 94 65 59 56 71 86 6 44 2 1 61 33 60 0 79 28 17 58 42 87 28 48 29 47 24 51
P17 23 30 51 79 17 58 29 35 34 59 12 41 36 19 7 66 80 1 25 33 98 4 53 25 72 95 27 14 7 40 57 40 67 49 4 6 52 32 8 9 18 9 47 73 85 27 72 7 84 68 69 27 84 28 45 75 98 25 41 55 29 13 16 95 83 97 88 5 98 31 61 44 98 15 45 37 35 85 90 25 28 61 6 96 49 15 46 78 32 32 64 76 7 99 67 4 34 19 85 39
P18 71 19 89 46 90 40 6 94 54 86 65 82 26 64 67 43 52 84 32 6 9 80 4 84 92 78 11 66 47 38 29 14 50 50 68 35 12 42 59 69 74 43 37 69 35 74 76 37 95 45 29 70 63 48 65 0 91 36 57 9 4 9 29 93 83 30 3 26 7 12 82 78 89 27 77 61 75 55 51 10 86 39 84 7 90 40 46 11 38 77 71 63 15 30 57 52 88 75 70 27
P19 31 74 61 67 61 11 41 42 60 6 97 47 55 34 30 75 89 81 12 91 41 84 1 93 39 8 14 46 38 24 96 64 67 51 18 19 17 9 8 96 87 46 97 71 79 61 13 61 82 40 17 12 10 99 54 45 33 78 10 34 94 88 9 93 18 32 28 21 22 77 48 81 2 99 99 71 97 85 18 22 48 84 22 82 91 49 90 12 59 71 63 47 74 77 65 40 93 48 75 67
P20 63 24 87 11 10 71 84 82 67 12 40 33 35 59 52 20 99 36 78 73 68 30 9 44 51 68 43 51 84 64 51 50 19 64 81 85 2 0 9 90 87 30 89 13 21 67 88 65 27 34 66 54 38 5 87 81 8 62 96 83 39 41 19 27 33 60 68 86 75 81 31 38 61 61 70 97 66 2 27 50 32 37 2 8 88 34 85 31 86 70 13 68 48 29 26 94 75 61 8 36
P21 5 2 9 7 49 37 66 27 74 96 31 97 97 29 31 27 24 77 43 17 24 32 5 98 26 76 61 65 80 89 96 81 99 70 2 95 57 81 0 94 76 61 91 25 10 86 77 71 70 56 96 1 56 32 68 70 0 95 24 16 13 75 89 6 90 74 11 87 22 22 73 8 94 74 50 30 71 97 77 63 92 51 45 23 17 80 37 2 94 35 97 82 8 83 40 17 27 67 84 77
P22 51 66 21 79 62 48 96 76 33 24 93 50 64 84 26 46 88 66 43 29 45 42 9 30 94 22 22 76 57 99 28 53 52 31 93 23 9 65 92 57 52 75 43 62 90 42 44 16 55 15 56 56 98 36 80 50 26 56 99 38 71 47 1 84 71 24 66 36 53 37 90 55 42 64 31 72 98 77 44 83 19 2 84 3 39 30 57 61 62 75 4 81 76 45 49 92 56 79 46 41
P23 47 76 85 83 87 44 52 18 22 72 14 89 94 57 8 78 69 38 86 44 99 67 49 54 39 59 66 76 58 54 74 89 61 9 36 6 22 87 63 49 80 65 7 2 87 85 68 81 80 6 72 15 98 78 23 81 72 0 40 35 87 53 60 26 53 24 23 76 3 47 83 84 91 27 25 25 0 68 65 3 99 55 74 27 77 48 3 36 40 87 47 21 99 52 88 47 18 2 76 28
P24 28 12 20 58 69 16 60 7 5 50 1 37 73 69 84 3 96 63 67 16 89 22 46 68 94 50 86 80 70 94 60 75 28 80 99 95 29 30 41 82 55 2 15 70 3 53 36 46 36 21 29 56 81 54 50 97 64 93 97 91 10 55 54 18 94 37 48 65 24 30 77 40 51 75 54 77 37 1 0 67 33 94 92 35 31 64 22 72 9 12 72 33 22 9 18 25 8 13 33 10
P25 11 27 78 17 58 16 17 17 59 93 67 72 3 83 35 93 87 51 81 92 70 29 52 67 90 77 41 73 16 46 32 15 15 9 95 75 32 22 8 89 32 49 30 77 54 82 68 87 32 70 50 81 94 31 78 56 88 39 84 94 7 22 74 99 65 70 95 16 44 65 23 99 63 23 10 30 63 98 64 71 24 99 53 59 47 60 23 20 44 8 78 58 74 36 49 11 93 17 33 69
P26 24 23 1 38 27 28 93 20 62 74 48 30 16 90 80 5 90 88 62 22 25 78 24 14 20 50 12 89 61 63 1 2 28 7 8 68 33 43 5 33 89 38 43 11 74 13 91 4 41 80 94 75 20 57 48 98 39 42 98 96 47 67 89 51 13 14 17 43 39 81 38 4 74 76 88 39 10 47 98 56 29 89 21 59 91 28 80 87 55 76 54 42 42 8 55 36 27 83 75 17
P27 35 98 31 81 88 78 33 73 98 27 19 52 33 28 56 77 12 65 77 62 37 59 74 31 48 59 48 75 16 97 19 76 38 76 10 83 3 94 37 0 12 40 18 52 54 48 47 2 62 96 66 60 78 85 43 21 54 65 10 6 37 76 77 47 45 24 84 76 7 66 12 90 48 68 97 99 39 4 60 53 91 57 26 49 82 55 67 37 28 58 30 69 95 5 14 19 86 24 92 88
P28 98 18 63 0 51 30 25 81 59 53 13 99 92 14 57 55 91 97 14 16 62 92 44 65 75 4 53 26 56 87 72 50 7 56 97 98 69 99 59 72 44 38 46 32 86 18 77 9 21 80 30 37 91 44 93 11 24 10 86 63 22 1 13 13 69 79 39 33 14 77 83 2 11 95 11 17 43 32 43 76 75 66 66 76 15 66 59 90 86 6 42 98 14 67 55 9 37 93 33 87
P29 55 18 95 9 59 82 34 83 49 53 3 36 3 71 69 43 20 87 86 60 48 12 15 20 82 66 23 15 31 49 2 2 19 32 54 52 71 25 23 60 87 29 74 28 21 15 92 18 78 46 2 54 44 50 25 82 29 76 15 76 76 65 83 2 87 68 41 89 78 10 16 9 88 36 7 77 41 70 61 78 18 86 18 18 45 49 93 5 77 96 75 95 47 37 11 0 86 78 39 95
P30 25 86 47 33 1 83 85 20 7 30 7 22 93 26 20 56 11 89 23 97 82 32 72 61 30 10 66 96 66 54 72 23 1 49 72 60 24 13 71 37 28 84 77 95 93 43 88 31 70 95 48 24 67 60 42 35 3 45 46 66 8 69 26 65 63 41 33 65 84 86 55 43 43 25 96 38 79 37 31 50 91 74 51 30 5 67 90 37 44 79 19 6 40 19 61 74 82 19 77 86
P31 20 35 63 50 17 31 30 73 46 92 85 75 37 15 77 77 33 46 69 14 53 19 36 84 78 31 72 52 33 93 12 55 29 61 13 70 14 16 50 77 43 79 14 89 50 84 2 47 50 86 75 63 40 96 87 66 98 76 74 42 93 32 2 24 17 34 91 86 91 7 87 60 69 27 47 66 40 33 13 49 84 43 42 88 48 5 72 93 2 76 57 73 39 90 86 23 71 99 31 42
P32 51 74 23 10 28 73 65 42 92 72 70 60 10 11 34 94 29 82 65 55 66 5 60 74 2 98 18 36 89 57 46 11 98 41 21 30 71 29 7 86 82 52 12 7 13 55 83 35 95 16 36 76 71 88 68 40 10 92 0 20 52 76 54 33 67 24 79 41 84 4 70 23 39 74 46 83 27 40 3 37 24 5 81 45 78 68 46 95 38 76 66 34 46 21 46 22 49 55 88 50
P33 41 71 64 28 82 74 41 60 91 24 86 1 98 5 26 97 24 60 42 99 6 95 16 27 89 64 34 47 78 32 88 39 64 26 83 69 23 40 24 39 90 48 68 54 11 20 81 51 81 91 66 14 42 50 7 49 48 75 86 75 41 61 54 16 67 79 22 39 62 34 67 63 90 82 2 61 93 47 49 23 77 59 23 40 23 41 96 9 61 26 91 8 22 36 88 37 52 0 33 61
P34 40 78 18 42 37 37 65 36 32 24 35 77 60 26 18 76 19 33 22 22 17 54 91 53 68 16 96 27 14 28 42 47 94 70 37 3 6 65 34 72 41 15 92 4 0 75 5 25 98 82 27 64 57 19 55 73 17 64 45 13 83 75 95 76 67 38 34 48 8 65 12 2 61 34 89 83 25 22 56 39 38 5 36 25 96 57 39 85 52 46 61 80 27 49 16 28 93 51 41 90
P35 46 41 83 26 99 48 73 49 19 55 90 89 39 74 17 40 89 91 77 42 52 47 61 38 9 71 47 60 22 5 78 42 20 12 97 69 67 77 87 97 78 72 94 14 91 17 61 12 10 91 36 98 92 68 48 11 21 28 43 46 88 22 70 75 34 70 76 70 5 18 7 47 87 16 81 52 24 58 68 47 91 35 2 99 19 16 72 57 80 66 98 82 34 64 12 23 69 94 57 64
P36 79 48 89 74 27 84 47 6 20 70 30 73 40 37 71 20 16 89 59 27 67 33 15 15 55 97 54 0 93 55 25 50 98 85 36 57 51 94 77 52 93 22 56 0 64 22 24 64 50 38 34 45 60 89 42 23 90 91 51 1 10 77 74 33 23 59 90 45 77 57 74 85 46 4 21 34 25 71 19 67 82 62 82 90 8 50 43 40 33 14 10 80 76 40 83 15 67 60 68 38
P37 96 59 80 43 69 76 62 19 51 89 45 80 56 19 54 2 5 93 51 38 55 80 25 56 82 15 30 5 53 57 48 68 40 58 89 68 30 45 1 62 66 74 20 21 27 99 12 71 71 59 54 11 65 61 5 47 44 38 50 61 79 87 16 95 10 64 68 34 12 91 59 31 70 15 22 14 8 87 11 75 89 10 83 93 49 74 68 66 83 81 97 87 96 11 97 49 86 56 84 55
P38 43 14 30 13 99 84 14 5 29 76 86 1 41 46 41 17 69 94 8 32 84 13 42 94 73 7 97 84 97 98 56 30 16 7 10 52 56 90 1 23 5 15 5 60 99 50 51 21 72 63 0 93 68 39 47 99 81 57 89 50 90 40 61 44 75 10 52 16 25 56 13 58 0 65 32 40 21 13 65 89 28 88 58 97 45 90 79 54 94 28 30 17 70 94 92 33 95 6 77 15
P39 97 37 44 78 40 90 91 19 45 94 64 92 78 63 40 39 52 6 67 17 47 18 85 59 69 25 81 92 16 24 49 47 56 59 67 65 17 98 7 72 44 84 62 72 28 42 23 10 27 47 20 79 19 2 83 39 65 55 31 99 55 31 24 76 5 74 56 10 93 57 0 71 17 55 98 91 8 34 23 33 14 46 8 83 13 83 3 1 66 22 68 40 26 76 91 84 84 5 52 1
P40 6 13 79 99 28 54 31 98 72 32 61 36 36 18 48 77 25 85 6 61 21 88 28 65 2 66 49 26 16 18 24 76 69 1 77 31 39 27 18 78 16 96 8 82 14 98 10 63 11 34 83 49 55 30 38 74 71 82 15 58 12 71 39 2 54 63 28 78 33 2 9 10 11 51 18 76 80 80 71 68 76 75 96 85 27 7 46 85 59 57 26 53 42 83 33 49 45 15 65 26
P41 91 76 70 19 15 10 26 50 76 30 46 88 31 25 17 13 44 94 55 31 53 8 55 34 60 82 50 23 37 71 66 43 2 16 74 89 62 38 54 57 50 56 62 69 27 20 85 49 88 6 13 99 46 9 17 10 15 18 96 77 22 45 70 31 65 14 94 59 71 22 50 53 25 45 56 59 9 36 23 59 80 16 3 54 7 93 51 39 32 64 88 7 77 98 28 5 28 79 55 25
P42 48 31 93 99 24 16 84 91 2 10 57 13 98 91 85 33 99 86 12 50 54 32 31 58 44 70 94 61 34 61 26 0 57 52 55 93 36 9 42 9 93 64 38 93 59 81 8 7 82 23 42 44 50 60 66 27 64 55 20 80 73 77 77 32 30 15 26 82 57 44 34 74 59 92 91 41 73 98 58 49 41 59 75 0 57 77 46 22 97 14 62 29 97 38 70 69 54 59 3 55
P43 77 55 83 26 88 5 40 41 99 0 18 29 51 31 51 96 24 44 1 34 87 64 70 88 41 96 42 4 53 89 2 7 83 71 31 30 25 14 80 11 44 30 57 34 10 55 92 88 74 30 49 44 57 20 17 81 94 78 78 91 63 51 69 14 43 3 8 85 76 70 88 35 7 88 42 47 89 51 93 66 22 90 80 90 0 85 69 98 23 45 57 28 36 27 8 92 86 92 12 26
P44 35 13 26 84 78 40 7 28 15 15 9 15 36 7 97 61 82 34 16 35 65 68 72 28 44 62 89 2 54 13 13 57 96 75 93 35 18 35 0 17 79 96 98 38 42 10 61 2 3 17 32 13 45 35 18 82 38 78 7 0 25 5 5 93 39 1 52 94 75 46 72 59 10 11 0 68 93 89 68 38 77 24 20 72 28 70 61 43 39 21 75 16 9 89 34 68 47 17 23 78
P45 4 91 61 89 72 4 32 58 83 72 2 19 13 3 49 24 14 82 62 77 90 31 89 66 92 76 94 48 1 31 38 70 53 89 36 71 47 33 61 10 49 39 18 24 98 63 28 62 13 38 41 72 83 15 7 11 99 86 50 49 78 14 44 94 46 20 14 8 92 86 80 52 34 21 65 29 87 58 32 0 12 82 19 57 15 26 35 84 52 59 82 28 80 88 68 57 59 55 32 96
P46 54 84 35 5 58 34 90 12 51 85 68 85 63 15 60 25 64 7 57 79 20 29 26 19 85 24 40 8 37 65 44 96 70 27 9 99 35 49 28 70 66 13 3 52 54 90 35 47 69 1 38 25 45 48 94 35 6 50 33 36 52 32 63 90 1 32 60 80 18 80 16 4 70 26 83 8 53 29 46 38 29 48 79 87 24 90 64 11 61 10 69 79 54 55 17 87 35 79 98 46
P47 36 27 58 88 15 86 37 95 29 31 7 57 71 6 17 63 96 8 59 3 60 76 88 4 95 12 23 46 40 65 43 21 36 32 82 31 15 82 30 77 38 35 61 8 7 11 26 24 51 92 83 76 74 9 73 61 18 38 21 7 58 31 98 87 73 26 79 79 58 63 9 33 7 85 6 61 56 31 50 12 96 98 39 47 32 71 53 19 23 80 15 16 17 38 23 49 21 6 32 10
P48 47 1 65 82 41 79 37 53 33 1 39 47 2 83 61 84 25 11 75 37 68 46 24 92 74 90 46 40 93 66 32 45 9 43 8 89 6 30 22 5 34 35 24 94 39 85 81 27 82 72 41 94 82 38 93 28 69 2 69 68 45 1 4 85 76 2 40 71 97 82 82 64 85 98 92 0 41 99 87 9 14 68 71 71 16 5 10 27 41 12 52 63 43 19 59 32 67 77 92 52
P49 11 3 40 9 95 4 47 43 40 33 34 10 76 23 32 64 42 6 20 98 52 8 85 50 29 24 73 99 80 1 36 95 3 61 92 95 2 8 37 67 93 42 57 31 31 45 92 76 11 40 21 66 52 9 59 69 27 52 33 16 90 21 72 52 76 4 36 90 57 84 52 81 77 34 75 71 47 13 34 39 2 82 75 51 63 30 2 90 64 52 73 40 29 33 86 79 46 33 13 74
P50 86 10 34 22 63 69 7 57 57 80 85 96 60 68 72 0 90 25 43 78 37 33 19 77 46 5 56 79 27 91 31 20 8 31 24 28 44 93 87 42 36 90 58 42 13 27 8 54 7 88 90 69 97 55 48 66 37 3 4 66 0 22 1 72 73 13 78 74 33 51 19 35 17 28 47 93 48 72 39 96 39 64 36 7 20 36 81 25 78 29 25 35 68 50 69 22 89 39 82 8
P51 91 25 27 91 42 79 70 3 30 50 84 63 56 12 77 40 96 50 73 51 65 51 89 63 21 11 25 15 16 21 66 69 14 66 22 23 43 71 5 72 80 62 17 65 36 82 90 24 45 90 67 84 21 41 87 43 96 3 37 54 83 30 91 26 34 16 60 77 3 11 84 63 46 55 32 51 85 52 5 15 23 47 81 65 88 41 33 82 76 84 8 94 38 66 63 10 81 62 0 76
P52 91 13 84 73 36 15 16 58 80 90 1 15 24 30 78 84 22 36 82 33 78 93 76 91 52 8 74 98 65 70 61 25 96 85 20 95 89 79 95 73 95 68 79 73 10 18 34 69 32 84 69 73 56 45 59 90 97 62 68 71 37 18 81 91 69 13 23 20 8 3 38 23 39 71 74 97 77 93 20 87 17 89 20 68 5 45 60 91 79 98 72 42 25 81 85 44 93 40 29 29
P53 53 55 24 58 22 62 92 89 96 90 36 66 63 6 6 84 20 88 22 33 26 44 43 97 39 2 83 64 34 4 72 52 14 95 46 54 24 76 12 92 35 90 9 59 2 26 46 93 84 23 16 83 42 45 48 35 45 82 56 33 6 91 41 39 68 43 43 42 16 82 68 21 37 83 2 80 74 55 66 47 31 70 6 84 92 6 69 17 47 55 14 94 20 11 0 37 85 70 96 5
P54 63 1 45 65 29 3 28 11 5 80 42 50 73 76 10 24 45 59 27 91 91 10 24 78 2 71 95 6 13 93 97 35 37 9 94 67 39 24 25 53 20 80 83 82 23 75 3 66 15 2 44 69 96 71 22 64 46 14 68 37 32 49 92 78 65 99 34 15 59 83 43 72 33 65 29 0 80 75 16 62 24 38 62 20 24 80 51 44 37 88 62 37 67 51 28 92 80 98 0 60
P55 80 30 16 99 66 77 96 73 31 19 39 53 34 92 8 45 42 58 66 87 75 45 56 31 82 69 89 72 92 10 45 56 35 88 41 67 86 18 96 72 81 8 73 42 36 2 60 62 55 52 87 74 54 14 17 95 67 41 85 65 61 9 75 2 95 61 50 7 27 42 42 41 34 71 74 13 1 64 16 34 57 76 5 31 59 90 19 38 58 67 46 70 57 16 91 88 5 12 70 17
P56 48 59 10 49 23 89 98 21 54 17 29 65 46 19 79 44 43 80 91 64 39 60 36 22 50 88 55 27 76 85 80 63 78 2 97 90 39 40 79 19 30 4 88 3 92 42 96 42 89 62 24 18 79 62 32 35 17 14 75 6 76 7 92 3 45 93 30 95 55 63 32 30 71 66 46 25 84 52 19 94 33 97 7 37 53 88 57 77 55 61 25 86 59 26 88 93 97 62 21 6
P57 34 76 61 31 82 73 68 32 71 29 63 4 76 73 51 43 69 21 72 0 81 95 73 3 82 0 88 77 88 73 94 0 57 95 40 37 31 10 1 75 91 52 56 98 71 18 48 70 42 25 42 5 5 93 89 74 22 24 77 30 68 86 92 30 56 92 14 0 35 79 55 67 73 26 36 16 44 88 45 45 44 2 71 97 24 42 3 17 69 58 74 31 90 96 48 83 36 3 43 10
P58 19 7 6 33 61 79 35 51 22 3 88 46 22 93 66 54 9 28 23 42 37 43 64 6 90 88 62 70 70 38 80 27 43 54 44 3 84 99 42 74 58 93 46 80 28 22 60 95 16 10 66 90 61 39 59 16 78 29 65 15 8 48 89 74 46 88 54 81 16 48 27 82 31 28 47 40 58 60 62 74 23 41 61 8 58 51 29 48 11 27 31 41 54 56 46 36 17 49 38 74
P59 72 90 96 51 39 75 79 54 84 0 49 99 65 74 43 60 23 50 3 88 48 83 28 25 34 49 25 90 28 61 8 17 81 6 30 61 20 77 88 32 77 36 52 22 43 21 82 57 98 62 74 64 45 89 47 17 39 1 32 17 48 65 72 23 25 12 68 83 68 65 93 29 91 23 97 58 10 41 8 7 45 48 97 92 64 11 24 19 89 90 83 0 59 50 83 79 55 78 10 24
P60 13 36 14 1 80 6 12 37 4 4 43 94 10 11 61 5 10 29 54 33 10 64 43 63 38 40 60 51 72 47 68 89 93 63 13 44 74 97 38 10 53 68 91 37 92 72 69 61 23 67 77 97 14 30 84 42 45 68 63 20 22 26 10 80 34 60 35 13 32 46 43 52 54 71 68 38 20 8 6 62 41 22 91 41 47 82 50 33 46 26 20 97 85 8 75 91 59 15 91 73
P61 75 58 64 65 58 51 79 82 65 21 46 88 90 13 21 96 20 2 67 67 76 3 76 74 35 23 59 63 9 38 59 89 31 46 59 83 6 90 46 81 66 17 92 49 14 76 66 55 24 2 63 35 27 89 44 57 28 59 13 67 10 33 61 69 84 24 25 0 2 84 5 66 96 60 11 98 65 25 94 13 31 29 99 63 80 21 43 11 2 84 82 54 59 92 52 88 97 45 85 82
P62 5 61 79 90 33 26 79 92 0 96 90 68 52 3 20 94 45 67 0 68 47 21 89 35 28 14 88 60 34 59 27 98 29 18 50 80 26 29 63 96 8 55 40 3 37 94 49 95 75 93 33 56 84 49 82 85 43 29 28 71 51 66 39 35 36 55 69 70 96 20 38 19 47 82 77 96 93 57 95 50 25 22 59 64 37 6 14 21 13 79 36 68 84 32 62 8 1 0 36 20
P63 56 57 35 68 54 72 35 38 34 20 48 47 10 14 78 32 4 55 62 43 7 86 71 87 38 63 87 54 17 52 2 46 77 69 52 15 58 67 92 78 4 29 15 31 27 16 27 34 93 97 83 81 55 38 64 42 52 93 58 13 43 29 36 98 31 14 0 44 69 37 21 94 6 7 71 37 31 33 93 57 14 14 83 21 12 40 40 0 15 41 45 61 59 23 19 53 79 23 97 64
P64 80 47 45 10 79 56 40 25 16 71 61 5 64 29 0 71 58 44 5 23 87 14 59 51 65 62 24 73 89 60 6 84 26 24 0 26 77 6 26 60 50 68 21 10 60 1 80 50 59 8 77 26 71 92 87 72 70 25 97 1 67 98 91 61 4 90 99 31 42 2 27 97 24 53 34 80 33 91 60 17 51 9 21 22 51 64 87 73 30 75 4 55 13 67 8 45 44 57 99 50
P65 93 9 97 73 38 91 14 97 22 14 92 85 57 30 57 58 3 24 9 29 15 62 4 47 39 99 72 36 64 33 75 55 81 19 76 66 71 92 39 52 26 19 87 61 92 16 81 70 39 76 99 80 98 56 55 23 83 49 29 19 80 30 85 35 36 64 58 10 92 6 40 54 46 66 32 48 87 94 21 57 22 24 3 25 77 16 22 36 3 97 7 77 92 76 28 66 47 93 53 76
P66 82 65 10 20 1 69 25 57 18 32 40 55 67 33 41 5 62 76 79 3 84 78 50 81 32 90 89 56 25 56 22 13 40 94 82 65 72 76 32 49 85 47 16 26 28 71 83 48 76 62 27 41 13 82 29 37 59 36 68 29 91 97 14 69 29 13 61 47 51 36 42 23 11 90 67 24 72 41 70 88 65 48 9 33 72 62 73 54 70 86 92 67 32 64 51 21 77 37 35 60
P67 85 36 75 13 85 70 78 82 23 72 18 2 8 8 66 22 39 18 3 54 68 2 29 8 92 11 34 72 57 2 60 20 18 44 54 38 16 10 47 2 44 65 50 37 54 42 30 34 55 1 24 68 23 37 52 13 55 12 45 12 51 83 4 12 3 61 84 70 40 50 27 76 46 22 84 39 14 16 58 91 11 29 84 38 79 57 36 4 29 13 90 12 35 79 48 61 69 88 22 58
P68 66 79 72 8 46 84 57 57 50 61 10 7 38 13 80 77 90 75 52 79 31 89 79 89 38 85 83 69 12 56 24 28 46 86 73 32 87 52 68 84 77 20 98 34 7 61 67 28 65 48 67 81 33 60 84 96 21 13 19 33 54 46 39 96 90 97 77 24 20 39 52 44 2 32 46 18 28 33 49 55 12 80 24 5 90 48 59 40 65 26 0 15 61 80 63 1 54 23 39 7
P69 73 32 16 43 11 83 26 57 71 44 63 67 84 76 45 93 15 91 27 60 31 93 99 94 98 20 8 87 90 64 9 65 31 40 69 63 44 18 77 1 24 50 86 88 62 52 3 25 17 49 99 92 27 68 1 56 58 48 63 63 18 96 77 3 79 13 77 89 57 33 78 27 68 60 59 80 32 50 92 26 25 19 93 56 53 59 8 55 6 23 68 73 33 12 57 27 62 92 11 31
P70 45 97 51 59 89 14 4 67 35 77 15 3 30 30 51 49 54 38 90 16 6 47 3 75 13 96 55 48 45 83 33 84 48 54 72 35 38 24 99 99 82 88 19 6 86 54 61 47 19 3 39 5 74 44 7 34 47 32 30 75 72 9 75 24 90 23 37 96 81 59 57 39 5 91 43 74 27 7 71 88 15 66 24 69 72 80 80 51 82 36 48 54 9 64 10 14 95 58 0 2
P71 67 12 43 67 42 27 34 80 11 32 97 76 23 66 26 99 98 44 30 9 68 29 13 10 73 35 61 22 59 99 69 84 9 38 56 6 16 55 40 3 3 81 16 80 74 59 2 91 16 68 14 25 38 13 35 81 59 52 95 69 44 18 62 62 56 32 79 37 70 43 14 83 14 41 24 44 78 20 33 70 83 79 7 61 53 0 87 99 25 84 92 8 75 21 69 65 92 22 77 27
P72 95 10 82 22 39 83 79 67 90 38 14 99 54 88 86 95 88 15 53 29 92 33 44 76 54 47 14 34 60 96 68 7 10 42 86 68 4 39 24 27 62 78 60 44 97 94 60 16 22 91 78 86 77 26 68 13 26 48 14 98 73 91 6 59 37 56 67 65 36 85 57 65 30 15 81 24 53 54 13 95 34 50 25 85 49 36 28 66 62 64 80 27 29 84 85 14 48 3 80 38
P73 44 51 90 5 83 20 76 45 84 2 4 94 58 13 63 46 12 28 46 69 87 13 12 46 96 34 72 26 5 73 92 75 1 37 42 94 93 84 58 26 66 23 68 5 65 2 23 44 97 6 93 10 43 45 2 19 18 60 33 85 48 81 52 5 68 57 64 69 87 41 12 85 74 93 80 0 63 42 5 92 99 96 7 51 97 42 28 59 23 57 12 87 20 38 24 78 48 48 11 17
P74 11 73 69 44 48 44 8 29 22 96 68 61 83 29 51 29 6 2 24 54 62 62 51 1 59 27 98 52 30 15 37 31 96 46 70 41 11 48 72 23 33 16 60 95 84 81 7 25 31 31 77 89 20 23 2 5 96 5 21 78 55 79 71 48 44 55 5 7 67 39 85 8 25 16 42 36 14 66 34 27 93 10 74 83 57 88 71 47 8 50 6 82 17 9 71 18 8 91 32 86
P75 40 83 34 66 88 49 79 85 94 15 90 34 4 36 83 44 18 76 46 93 66 58 16 46 98 45 33 35 43 99 36 24 54 93 97 11 17 42 30 22 73 88 64 88 17 28 85 1 68 36 19 68 38 37 68 92 90 64 62 7 83 71 23 17 41 34 87 90 44 13 24 10 85 92 12 11 67 95 93 54 95 96 65 29 12 8 83 34 31 83 30 34 53 21 2 41 70 61 82 65
P76 43 10 0 62 76 26 8 78 11 61 73 12 65 94 8 86 58 22 68 76 33 69 80 33 96 83 90 83 42 21 37 56 96 4 65 99 97 58 38 60 85 65 80 38 58 4 76 97 28 57 20 92 86 83 36 77 58 71 17 7 28 22 64 62 56 28 55 63 79 28 33 53 38 10 35 82 93 72 7 77 22 76 75 14 2 99 6 91 72 59 60 37 49 28 61 69 88 25 25 49
P77 40 9 28 77 0 15 91 91 87 2 58 73 79 58 97 55 87 87 38 93 66 54 12 16 30 53 64 6 91 7 83 2 73 52 12 93 93 63 1 57 74 77 14 25 46 65 29 99 4 56 89 52 21 15 92 96 88 19 88 59 44 4 1 26 56 59 16 52 30 82 25 38 22 36 6 55 13 95 31 62 10 57 82 89 29 87 63 98 6 61 67 4 58 31 2 5 63 77 91 43
P78 40 52 1 94 80 68 90 5 63 59 6 65 87 28 16 9 40 45 35 8 46 57 12 1 56 84 95 78 70 39 86 4 28 33 83 96 53 81 97 76 26 0 16 39 96 14 24 73 54 54 43 42 43 95 88 96 67 96 63 54 0 84 44 40 59 81 3 80 35 59 49 92 91 0 81 12 68 97 80 80 13 70 52 55 55 4 35 18 97 43 71 91 26 56 33 78 6 44 14 19
P79 32 15 93 38 46 11 0 99 22 54 50 26 42 44 17 28 78 73 4 26 23 69 13 25 58 88 43 86 24 59 79 78 13 68 33 20 34 85 27 84 17 56 68 6 30 91 69 78 74 66 60 5 78 32 21 63 67 43 39 98 92 37 17 18 88 89 79 46 12 21 17 79 7 43 19 11 79 92 34 32 25 10 71 81 14 75 40 56 66 59 46 4 68 83 22 65 2 21 99 85
P80 69 5 32 17 73 45 29 29 95 82 34 15 24 57 24 45 58 87 37 19 41 90 62 41 63 95 59 19 8 15 41 43 74 58 8 12 16 82 29 25 87 4 29 64 62 96 87 48 83 88 27 65 36 98 17 52 38 85 7 6 77 31 13 80 8 65 54 44 48 42 22 41 79 55 7 51 82 38 65 50 52 84 33 53 68 41 38 15 98 47 35 83 86 69 51 6 30 41 84 85
P81 92 32 88 44 23 65 10 49 18 48 59 12 7 21 10 67 67 57 20 89 74 92 43 45 15 44 14 3 60 3 55 2 13 73 95 64 4 66 42 61 96 88 78 3 90 49 9 95 86 94 46 35 73 38 75 51 95 15 74 62 23 69 55 52 49 49 53 9 96 45 94 48 92 35 12 46 79 4 61 39 44 77 12 24 83 99 16 72 87 93 66 17 68 43 24 54 83 28 21 4
P82 18 59 27 67 56 75 82 73 10 47 21 53 93 11 88 5 3 92 98 24 88 33 46 87 28 11 99 80 8 43 99 65 10 85 53 58 50 26 47 98 63 98 15 3 96 46 60 98 74 98 71 92 71 67 58 78 30 50 95 37 57 41 83 35 88 19 21 72 92 41 99 88 77 56 60 29 98 29 91 46 8 1 68 64 82 82 27 63 64 41 17 32 28 37 92 37 21 95 5 14
P83 50 37 6 77 49 14 21 54 31 85 7 47 60 50 14 91 53 63 52 63 76 97 7 75 11 24 58 3 72 49 98 56 58 99 98 59 37 22 53 86 72 94 0 20 49 10 76 58 49 50 69 28 3 85 52 75 57 39 61 74 53 89 5 42 77 79 51 45 40 83 89 58 77 86 21 67 91 41 25 24 62 25 49 1 34 70 82 42 88 21 23 98 11 6 10 88 18 50 36 0
P84 91 76 10 43 36 25 32 99 37 59 58 55 41 42 19 44 3 98 92 20 66 9 29 96 40 20 12 86 46 86 33 36 29 40 64 15 49 60 2 38 69 80 6 77 35 56 9 24 62 47 93 8 48 7 20 4 7 72 25 59 91 30 21 89 22 89 99 76 47 9 37 82 71 72 43 0 14 39 61 0 91 4 98 50 80 59 51 98 37 39 78 61 88 64 12 39 10 93 87 24
P85 17 73 26 78 92 49 13 51 0 74 92 41 5 65 92 82 59 52 68 88 62 29 57 36 79 98 31 49 50 23 84 30 63 19 24 13 99 23 84 77 71 37 27 14 99 10 62 65 59 34 73 3 56 64 36 60 92 30 84 15 35 51 4 86 15 16 69 26 20 66 16 75 24 81 54 74 85 5 47 73 52 67 63 99 84 37 27 44 51 45 20 5 44 43 17 40 84 94 85 33
P86 81 17 3 38 14 64 57 82 7 54 46 35 56 25 52 54 46 93 57 90 19 59 27 34 88 39 31 51 39 3 72 60 2 10 65 3 24 67 42 63 74 35 8 50 44 82 38 85 42 57 16 45 46 71 0 34 34 87 0 18 58 60 96 16 14 59 9 82 68 69 67 21 75 55 86 61 54 86 67 31 82 4 71 1 25 57 96 22 66 98 48 59 25 56 7 25 93 54 65 88
P87 38 37 84 18 24 80 65 71 99 40 74 83 35 77 83 68 31 64 72 94 96 40 31 56 54 59 49 16 35 49 41 67 61 24 32 22 49 95 71 63 64 37 38 89 95 69 12 90 23 1 11 57 71 72 59 45 82 44 35 0 40 69 24 50 21 3 6 40 35 83 2 63 76 65 18 47 58 82 92 48 10 47 27 75 66 81 33 56 94 86 65 17 67 22 91 41 28 63 18 59
P88 89 44 65 75 98 55 6 57 67 45 24 78 30 39 34 14 65 14 52 69 86 7 27 11 9 2 79 34 42 42 99 23 26 85 97 39 26 80 84 93 92 6 72 40 44 28 89 22 72 61 16 25 99 27 24 96 51 79 67 83 26 90 2 24 84 80 34 18 55 45 92 4 70 60 64 80 59 13 46 55 73 64 78 41 59 21 25 44 89 6 30 55 53 69 95 88 77 36 12 20
P89 1 6 82 44 86 79 96 91 39 70 87 9 44 90 99 30 86 48 75 84 59 47 90 31 94 87 16 68 68 6 44 32 56 31 12 51 8 35 82 38 4 14 46 40 39 26 47 32 11 76 82 38 81 94 51 5 54 21 50 84 27 71 61 12 0 0 14 48 0 18 58 98 84 67 46 53 82 27 42 81 1 83 66 53 41 57 11 85 37 7 79 46 44 94 85 70 12 30 0 51
P90 5 43 30 40 88 29 12 56 2 10 6 75 49 7 8 3 34 74 98 7 15 94 96 6 94 2 38 82 56 19 64 7 34 83 51 93 86 51 72 73 91 8 40 17 48 32 17 58 8 82 91 24 64 75 47 31 19 67 31 64 41 6 45 34 33 27 34 96 39 80 15 39 51 2 1 62 85 76 85 56 78 78 21 4 32 14 69 64 76 75 23 71 90 90 10 70 93 88 88 18
P91 42 71 55 77 97 47 37 19 16 44 35 38 20 45 29 97 71 70 17 36 7 68 28 3 82 82 75 58 93 21 72 45 64 55 52 34 63 22 50 44 30 26 47 48 78 59 74 76 97 58 29 87 83 60 39 31 40 55 51 14 59 44 11 1 99 70 63 73 91 60 24 45 29 39 27 13 8 26 16 86 36 5 95 70 39 89 25 89 98 24 13 32 48 51 23 63 22 39 50 87
P92 68 29 17 56 69 39 38 73 25 43 68 21 49 1 25 44 29 36 3 25 48 85 32 88 69 46 2 82 86 5 1 94 87 58 78 12 12 15 54 36 61 30 31 8 18 62 88 49 62 39 58 11 54 19 11 27 42 12 42 97 95 40 91 35 65 79 96 91 10 30 73 52 91 60 51 29 78 16 88 81 72 64 0 72 16 48 94 79 35 0 76 2 1 39 7 88 48 16 47 44
P93 19 68 79 62 47 19 14 26 86 37 42 27 9 32 98 46 25 60 90 63 93 64 81 70 88 21 1 91 50 33 84 5 72 20 55 93 24 19 81 82 85 2 92 13 19 44 23 26 54 97 99 8 41 28 24 22 87 3 33 49 12 67 32 47 17 24 66 15 33 83 27 98 15 5 52 45 97 77 84 87 75 65 17 90 9 89 46 58 78 96 79 55 74 18 14 12 93 40 38 75
P94 43 74 98 15 25 97 88 76 66 35 21 22 47 66 80 8 69 21 68 33 92 56 27 33 71 66 16 4 71 62 87 55 45 3 16 30 8 15 91 17 26 56 13 59 99 94 1 72 14 93 11 87 89 55 15 21 66 65 43 48 96 18 8 63 82 83 97 62 86 0 63 1 78 74 53 6 45 24 19 86 19 65 12 32 54 21 49 86 45 32 21 60 15 59 80 49 42 56 4 85
P95 12 29 27 68 77 71 70 12 88 40 82 73 68 59 77 97 77 0 15 41 40 72 33 92 69 78 27 17 33 2 91 66 26 80 61 99 93 89 14 8 35 77 28 48 18 90 43 55 88 12 82 11 93 99 90 76 76 96 81 9 19 83 56 67 1 60 29 26 7 81 96 39 92 13 58 61 48 23 91 38 50 5 8 96 84 43 44 50 20 1 41 16 54 1 82 42 36 79 8 46
P96 8 39 71 37 16 59 16 95 29 32 76 52 26 70 74 22 16 58 44 74 98 98 4 16 14 29 82 25 23 86 29 6 34 31 96 79 1 64 21 1 21 68 55 16 12 30 93 35 34 10 85 77 84 3 79 39 16 29 88 86 23 86 82 50 53 9 49 87 52 44 85 17 95 0 62 8 31 7 4 83 67 95 84 49 83 19 6 75 59 89 39 18 83 91 64 29 10 23 59 58
P97 25 37 66 75 59 7 45 44 57 90 21 58 8 72 76 78 33 22 18 24 11 91 17 88 90 41 10 38 95 4 74 72 60 10 72 27 66 20 95 30 18 24 38 30 16 70 33 77 71 77 32 77 58 3 57 80 76 10 49 68 55 49 48 68 81 64 8 47 8 0 53 55 0 32 27 16 88 64 61 80 27 57 45 66 92 87 43 11 32 76 28 75 61 92 57 23 27 69 40 16
P98 99 48 42 17 70 65 77 67 92 50 95 28 20 51 89 51 89 97 71 28 32 39 45 24 15 42 21 93 16 77 31 56 14 82 37 79 29 58 72 90 77 35 40 91 69 83 56 12 2 36 67 44 48 30 81 89 19 91 63 90 22 16 3 72 41 91 36 33 68 65 40 45 97 31 22 81 99 68 2 60 49 67 93 68 68 9 3 45 20 95 78 80 21 96 24 59 76 83 19 85
P99 66 11 10 24 33 49 8 62 88 63 16 19 80 7 69 35 54 85 87 92 27 35 15 26 67 35 23 29 69 49 71 0 76 82 45 63 64 17 15 5 44 58 80 67 17 1 46 0 56 27 26 38 29 10 91 16 79 85 24 5 36 8 85 9 6 9 71 10 62 35 58 75 39 97 62 44 83 34 54 48 44 26 42 45 51 0 0 12 12 6 87 37 67 76 61 97 47 51 72 56
;

param Period_price := 
P0 2.053893299951886
P1 1.1639963213612508
P2 2.5497248625389686
P3 2.72242620589199
P4 1.0404008677736205
P5 1.6881084155616002
P6 2.6759641798222007
P7 1.896053812663686
P8 1.1326528466872487
P9 1.9633647849093112
P10 1.1586479090455395
P11 0.15142474940156714
P12 2.709396463756529
P13 2.77866095526981
P14 1.6984489953041937
P15 1.7891075504904603
P16 0.16429108918113777
P17 0.7620073732143557
P18 2.006266045684325
P19 2.5594799801817554
P20 0.37930093419840716
P21 0.729158125087662
P22 1.2499307428771194
P23 0.4266139066288718
P24 1.604250439397424
P25 0.9750565112515048
P26 0.8148849384284662
P27 1.5633133505783459
P28 0.14949479684693978
P29 0.9830927927786776
P30 0.6581069155555127
P31 2.109177052044164
P32 2.3092716023084825
P33 0.9849593777213129
P34 1.9381007522273146
P35 2.9928088885062274
P36 0.4149925744788586
P37 1.3192584490503574
P38 1.943140469614236
P39 1.6832186903235549
P40 1.0386884672500298
P41 0.2475755149924126
P42 0.7128300327748488
P43 2.6187682183771472
P44 2.660243574959349
P45 2.169396140618745
P46 1.7564541744912168
P47 2.733002251678772
P48 2.909583001100997
P49 2.1061611486910055
P50 1.7796918182881751
P51 2.0650414315010113
P52 1.8616193831765102
P53 2.2602580034121926
P54 1.8824474796078916
P55 2.6803720378057427
P56 2.8794061011930987
P57 0.6238957658869028
P58 0.286181383227332
P59 0.3800605782655273
P60 2.7141510637478987
P61 2.28084386316998
P62 0.00968210141323822
P63 0.3972455725076105
P64 1.2033400907030134
P65 1.0545139975147415
P66 2.852001342003442
P67 2.76129354836857
P68 0.7948902160744014
P69 0.6279134258335444
P70 2.2493614303894542
P71 1.7518796918412916
P72 2.7257959110326015
P73 0.6898840369648372
P74 0.7901982206295789
P75 1.5240159664907382
P76 1.7676775275920065
P77 2.2934841127081986
P78 1.2048236024259311
P79 0.09511633076688197
P80 1.800668885858657
P81 1.026376249228607
P82 0.642381355592852
P83 2.495371467834909
P84 1.434763208953076
P85 1.042801233854321
P86 2.3510726917760727
P87 1.4031739900744045
P88 0.19201867380743087
P89 2.297091127211816
P90 0.6963881629523055
P91 1.4822690360802298
P92 1.7869254293806256
P93 1.8894438737002437
P94 2.622398465358655
P95 0.7549084724994118
P96 0.31580362218158353
P97 1.1488357031117689
P98 2.793409949716927
P99 0.941715488958543
;

param Period_minutes :=
P0 6470
P1 5704
P2 2356
P3 1337
P4 654
P5 2970
P6 1321
P7 7093
P8 4014
P9 272
P10 7611
P11 7041
P12 1181
P13 939
P14 7826
P15 6539
P16 87
P17 2845
P18 8593
P19 9675
P20 1214
P21 7715
P22 1446
P23 4050
P24 9598
P25 8428
P26 6392
P27 8381
P28 5317
P29 1077
P30 2067
P31 2629
P32 9421
P33 1313
P34 7939
P35 6104
P36 5949
P37 456
P38 8435
P39 5379
P40 4177
P41 404
P42 4408
P43 689
P44 169
P45 1964
P46 823
P47 2327
P48 4166
P49 5140
P50 1916
P51 4176
P52 6295
P53 3556
P54 7885
P55 5485
P56 5263
P57 854
P58 5687
P59 2295
P60 4011
P61 6021
P62 580
P63 3474
P64 9402
P65 7638
P66 8616
P67 8136
P68 7634
P69 9342
P70 7902
P71 6477
P72 2949
P73 1451
P74 6112
P75 8625
P76 825
P77 5506
P78 9962
P79 3680
P80 1358
P81 4128
P82 9145
P83 6240
P84 311
P85 1520
P86 6327
P87 8631
P88 7269
P89 8607
P90 7180
P91 383
P92 5037
P93 2300
P94 2362
P95 9793
P96 3487
P97 3633
P98 8708
P99 4340
;

